rok	I	II	III	IV	V	VI	VII	VIII	IX	X	XI	XII
1951	27.9	27.4	40.4	61.7	137.5	78.4	65.8	46.3	44.9	0.1	36.8	20.2
1952	51	82.4	39.5	24.9	49.9	75.2	42.6	62.4	98.9	81.6	67.7	16.9
1953	49.4	23.2	13.8	37.7	85.9	56.5	73.2	67.4	46.9	22	21.7	17.7
1954	27.6	16.3	18.1	79.8	55.4	66.9	59.9	39	20.7	21.4	18.5	71.3
1955	30.8	28	25.9	37.1	61.7	156.1	103.4	115.3	41.6	56.9	17.5	30.5
1956	10.9	25.7	32.5	29.9	41	116.2	30	75.5	31	52.9	41.5	34.4
1957	18.7	29.5	39.4	47.7	40.5	27.6	138	68.7	51.5	14.7	21.8	20
1958	40.9	38.2	47.6	17.3	39.9	74.2	29.3	113.1	58.8	44.3	33.8	27.2
1959	41.5	7.9	23.8	51.9	36.4	130.5	126.6	33.5	7	9.3	42.4	60.1
1960	26.5	24.9	29.7	59.6	67.4	114.4	284	163.2	57.1	41.4	37.8	55.9
1961	25.5	26.9	41	13	117.1	82.2	127.7	67.8	16.8	6.8	79.1	71.4
1962	36.6	40.5	37	96.7	145.1	75	153.1	45.4	65.8	7.3	84.2	41.9
1963	31.1	33.2	11.1	34.5	67.7	64.3	95.4	68.3	99.1	72.3	42.9	13.3
1964	5.9	37.7	71.1	29.5	57.7	73.5	57.5	101.5	43.8	58.5	90.8	42.6
1965	43.9	22	30	27.7	115.7	132.4	53.5	90.6	61.4	1.4	33.3	44.4
1966	19	63.8	37.4	68.3	148.7	95.7	147	113.6	17.5	49.5	48.3	46.4
1967	41.2	49	44.6	53.6	81	123.4	92.6	101.7	57.7	59.3	48.1	79.6
1968	48.9	32.5	27.8	87.7	116.1	170	98.7	155.3	35.8	42.3	34.8	20.1
1969	17.2	31.2	29.1	23.7	78.8	68.6	39.5	103.9	6.5	29.9	39.9	29.5
1970	42.6	40.3	31.3	50.8	49.9	62	187.1	110.1	35.4	76.5	49.5	51.6
1971	13.3	23.2	56.2	30.8	65.2	118.4	55.9	52.1	52.8	24.8	36.1	35.9
1972	34.6	20.9	16.2	99.8	86.2	82	103.1	166.3	51	21.8	44.3	4.5
1973	31.8	47.5	6.6	25	42.7	102.7	79.6	39.8	68.4	25	41.3	24.1
1974	55.2	37	1.6	25.6	69	153.7	121.7	60.7	59.3	160.3	74.3	55.4
1975	24.2	11	69.7	50.1	53.8	138.7	90.9	41.1	32.9	82.2	20.6	22.5
1976	81	1	21.3	27.3	78.1	41	69.7	85.1	78.5	43.5	58.6	32.5
1977	43.8	110.2	56.4	59.2	61.6	75.5	98.9	110.7	78	12.3	52.4	26.3
1978	10.2	20.2	25.3	54.9	99	83.2	67.6	130.7	107.6	56.6	29.1	34.7
1979	64	24.3	45.3	90	75.3	89.4	63.2	94	39.2	60.6	37.4	61.5
1980	13.3	29.9	17.7	67.7	48.5	90.9	106	90.1	42.6	106.8	43.7	30.4
1981	35.9	27.8	66.2	30.6	76.9	65.3	78.4	70.6	60.5	79.8	56	
1982	34.2	7.2	5.1	28	41.4	74.9	77.9	50	41.8	30.3	29.4	86.3
1983	54.3	28.8	71.4	23.1	48.6	77.2	42.2	52.5	34.1	48.9	28	13.5
1984	29.6	16.9	19.8	15.7	99.5	75.9	60.7	23.6	91.1	17.1	24.6	24.7
1985	22.3	40.5	25.4	58.2	157	114.4	87.9	185.9	22.6	25.3	42	46.5
1986	48.7	15.3	15.8	32.1	88.7	138.9	67.9	83.6	33.8	25.3	7.9	77.8
1987	53.2	13.3	31.3	46	84.5	123.1	50.6	65.9	81	44.6	39.2	50
1988	18.4	43.1	52.5	35.9	86.8	51.6	59.7	83.9	48.5	16.9	32.3	66.1
1989	13.4	18.1	15.8	94.4	77.5	190.9	55.4	59.8	46.9	32	41.6	22
1990	19.6	31.5	28.8	70	55.9	67.8	60.5	97.2	108.1	16.4	70.8	19.1
1991	15.1	23.8	23.1	66	98.2	53.6	67	75.4	42.6	61.5	56.3	41.7
1992	37.8	27.6	48.7	45	31.7	36.9	51.8	12.2	58.2	78	40	49.5
1993	30.4	28.1	35.6	29	45.8	57.9	80.7	32.8	36.1	27.5	34.7	30.3
1994	62.5	6.2	80	88.8	77	45.8	51.4	77.2	88	71.8	30.4	36.9
1995	33.3	32.1	38.3	61.2	79.6	111.1	39.6	80.5	105.2	18.4	23.2	37.9
1996	28.4	18.2	23.6	57.7	147.4	57.2	69.7	159.6	102.2	23	48.8	13.1
1997	17.1	49.8	20.5	35.8	64.9	90.9	285	49.1	52.6	68.1	54.3	34.9
1998	45.7	43.7	35.6	82.3	47.5	113.4	58	66.4	51.6	98	37.5	27.8
1999	30.8	56.3	21.3	43.4	33.6	196.8	60.7	46.5	48.8	93.5	37.6	31.8
2000	38.9	36.5	78.3	27.9	88.8	99.5	177.4	41.8	32.6	13	35.8	49.8
2001	45.7	18.6	50.1	127.7	65.3	79.1	160.3	122.4	110.7	17.9	49.9	32
2002	37.4	42.3	25.8	39	69.5	98.1	137.7	92.1	72	84	26.2	20.4
2003	38.4	10.7	29.4	34.3	125.4	35.4	126.2	23.6	30.4	45.1	18	50.2
2004	35.4	56.9	63.3	32.4	42.6	56.4	97.4	77.2	36.1	41.7	48.4	10.6
2005	67.6	28.6	20.9	49.1	61.3	40.6	113.4	102.6	27.2	7.7	30.1	87.7
2006	31	31.8	53	45.7	51.9	89.4	14.2	104.1	16.7	17.5	75.2	21.8
2007	100.6	42.2	61.1	15.4	51.7	72.1	74.7	76.3	179.8	48.3	90.4	21.4
2008	31.4	18.1	70.1	35.2	26.8	26.7	142.6	41.6	96.7	52	36.8	40.6
2009	28	40.1	66.5	4.7	106.6	121.1	82.7	53.3	34.8	81.5	70.3	45.6
2010	40.4	36.3	29.6	37.3	302.4	131.4	104.7	162.8	82.2	10.9	47.6	35.3
2011	26.2	8.6	16.5	77.3	48.9	32.3	191.6	64.8	14.2	29.7	0.2	37.6
2012	52	27	23.3	43.2	23.3	143.8	63.7	54.5	41.5	96.7	23.8	26
2013	59.2	24.5	40.7	11.5	87.4	183.8	27.2	21.1	86.3	13.9	67.3	21
2014	38.2	18.2	31.2	39.3	110.2	64	77	91.1	67.1	31.9	35.1	23.6
2015	48.8	26.3	40.9	32.7	101.7	35.8	42.3	67.7	68.4	25.9	55.8	5
2016	19.4	85.5	17.9	51.4	45.1	57.3	215.9	47.7	18.9	117.3	33.4	
